#####################################################################
Koeficienty prvého filtra:

[[ 0.88382437 -1.65118833  0.88382437  1.         -1.83084054  0.96225968]
 [ 1.         -1.86823127  1.          1.         -1.83562513  0.96284176]
 [ 1.         -1.86823127  1.          1.         -1.82960026  0.96539271]
 [ 1.         -1.86823127  1.          1.         -1.8433573   0.96692129]
 [ 1.         -1.86823127  1.          1.         -1.83219618  0.97210063]
 [ 1.         -1.86823127  1.          1.         -1.85323995  0.97400147]
 [ 1.         -1.86823127  1.          1.         -1.8385265   0.98184012]
 [ 1.         -1.86823127  1.          1.         -1.86436984  0.98339138]
 [ 1.         -1.86823127  1.          1.         -1.84805093  0.99367633]
 [ 1.         -1.86823127  1.          1.         -1.87580508  0.99427531]]
#####################################################################
Koeficienty druhého filtra: 

[[ 0.88382437 -1.65118833  0.88382437  1.         -1.83084054  0.96225968]
 [ 1.         -1.86823127  1.          1.         -1.83562513  0.96284176]
 [ 1.         -1.86823127  1.          1.         -1.82960026  0.96539271]
 [ 1.         -1.86823127  1.          1.         -1.8433573   0.96692129]
 [ 1.         -1.86823127  1.          1.         -1.83219618  0.97210063]
 [ 1.         -1.86823127  1.          1.         -1.85323995  0.97400147]
 [ 1.         -1.86823127  1.          1.         -1.8385265   0.98184012]
 [ 1.         -1.86823127  1.          1.         -1.86436984  0.98339138]
 [ 1.         -1.86823127  1.          1.         -1.84805093  0.99367633]
 [ 1.         -1.86823127  1.          1.         -1.87580508  0.99427531]]
#####################################################################
Koeficienty tretieho filtra:
 
[[ 0.88382437 -1.65118833  0.88382437  1.         -1.83084054  0.96225968]
 [ 1.         -1.86823127  1.          1.         -1.83562513  0.96284176]
 [ 1.         -1.86823127  1.          1.         -1.82960026  0.96539271]
 [ 1.         -1.86823127  1.          1.         -1.8433573   0.96692129]
 [ 1.         -1.86823127  1.          1.         -1.83219618  0.97210063]
 [ 1.         -1.86823127  1.          1.         -1.85323995  0.97400147]
 [ 1.         -1.86823127  1.          1.         -1.8385265   0.98184012]
 [ 1.         -1.86823127  1.          1.         -1.86436984  0.98339138]
 [ 1.         -1.86823127  1.          1.         -1.84805093  0.99367633]
 [ 1.         -1.86823127  1.          1.         -1.87580508  0.99427531]]
#####################################################################
Koeficienty štvrtého filtra: 

[[ 0.88382437 -1.65118833  0.88382437  1.         -1.83084054  0.96225968]
 [ 1.         -1.86823127  1.          1.         -1.83562513  0.96284176]
 [ 1.         -1.86823127  1.          1.         -1.82960026  0.96539271]
 [ 1.         -1.86823127  1.          1.         -1.8433573   0.96692129]
 [ 1.         -1.86823127  1.          1.         -1.83219618  0.97210063]
 [ 1.         -1.86823127  1.          1.         -1.85323995  0.97400147]
 [ 1.         -1.86823127  1.          1.         -1.8385265   0.98184012]
 [ 1.         -1.86823127  1.          1.         -1.86436984  0.98339138]
 [ 1.         -1.86823127  1.          1.         -1.84805093  0.99367633]
 [ 1.         -1.86823127  1.          1.         -1.87580508  0.99427531]]
#####################################################################
